0 0.506356323964497 0.007673816568047321 0.31797799556213013 0.6756656804733728 0.1896958210059172 0.6629530325443787
0 0.5722309541420119 0.013452292899408268 0.9593888683431953 0.9414755917159764 0.998046875 0.7352995562130177
0 0.6115245931952662 0.009985207100591701 0.9836584689349113 0.5231139053254438 0.9963711168639053 0.3994545118343195
0 0.5352487056213018 0.006518121301775132 0.517913276627219 0.994637573964497 0.664686575443787 0.9969489644970414
0 0.6565967085798816 0.004206730769230753 0.9836584689349113 0.31162167159763315 0.9963711168639053 0.23534578402366862
0 0.4647512943786982 0.016919378698224838 0.05447947485207105 0.46186205621301774 0.14000092455621305 0.505778476331361
1 0.49230587121212116 0.11647727272727275 0.5076941287878787 0.11766098484848488 0.4449573863636363 0.9651988636363636 0.30172821969696967 0.9450757575757576
1 0.5562263257575757 0.05018939393939398 0.5692471590909092 0.04663825757575762 0.9160748106060606 0.9580965909090909 0.7101089015151516 0.9829545454545454
1 0.4567945075757575 0.058475378787878826 0.4650804924242424 0.058475378787878826 0.17862215909090912 0.6574337121212122 0.0981297348484848 0.6195549242424243
1 0.6816998106060606 0.056107954545454586 0.6911695075757576 0.05492424242424246 0.9894649621212122 0.3378314393939394 0.9811789772727273 0.35321969696969696
1 0.6840672348484849 0.17211174242424246 0.7006392045454546 0.16856060606060608 0.978811553030303 0.5722064393939394 0.969341856060606 0.6242897727272728
