0 0.5814765162721893 0.015763683431952648 0.9940597263313611 0.9738350591715976 0.9917483357988166 0.719582100591716
0 0.5017335428994083 0.007673816568047321 0.31913369082840237 0.6594859467455622 0.20240846893491127 0.6398391272189349
0 0.5375600961538461 0.009985207100591701 0.5132919148370185 0.998046875 0.6496625369822486 0.9957932692307693
0 0.6092132026627219 0.008829511834319511 0.8784901997041421 0.4052329881656805 0.9281850961538463 0.3312684911242603
0 0.6508182322485208 0.01229659763313608 0.9813470784023668 0.3162444526627219 0.9975268121301775 0.2503698224852071
0 0.47977533284023666 0.014607988165680458 0.10417437130177509 0.5681860207100592 0.00825166420118345 0.4907544378698225
0 0.45550573224852076 0.013452292899408268 0.06834781804733725 0.3798076923076923 0.025587093195266253 0.3278014053254438
1 0.5574100378787878 0.030066287878787915 0.5727982954545454 0.02533143939393943 0.9515861742424243 0.9841382575757576 0.7006392045454546 0.9841382575757576
1 0.5076941287878787 0.03598484848484852 0.5207149621212122 0.04071969696969701 0.4544270833333333 0.9533617424242424 0.31001420454545453 0.9486268939393939
1 0.45324337121212116 0.07031250000000003 0.45797821969696967 0.07031250000000003 0.11588541666666669 0.7284564393939394 0.04486268939393939 0.7107007575757576
1 0.694720643939394 0.1803977272727273 0.7030066287878789 0.17684659090909094 0.9906486742424243 0.6041666666666667 0.9728929924242424 0.6455965909090909
