0 0.5606740014792899 0.014607988165680458 0.952454696745562 0.9969489644970414 0.9975268121301775 0.8605769230769231
0 0.5756980399408285 0.019230769230769218 0.9952154215976332 0.5728088017751479 0.9963711168639053 0.43990384615384615
0 0.5583626109467457 0.02732063609467454 0.6785549186390534 0.9923261834319527 0.521807969674557 0.998046875
0 0.5433385724852071 0.033099112426035485 0.2971754807692307 0.8189718934911243 0.17351608727810652 0.7981693786982249
0 0.6230815458579881 0.035410502958579865 0.9836584689349113 0.33935835798816566 0.9963711168639053 0.2734837278106509
0 0.059102255917159785 0.47226331360946744 0.014030140532544366 0.41794563609467456 0.4924879807692307 0.02963202662721892
1 0.49940814393939387 0.04782196969696974 0.5183475378787878 0.05255681818181822 0.0981297348484848 0.8716856060606061 0.03184185606060602 0.5568181818181819
1 0.5349195075757576 0.09280303030303033 0.5443892045454546 0.0916193181818182 0.4982244318181818 0.9805871212121212 0.30764678030303033 0.9474431818181819
1 0.5787168560606062 0.11647727272727275 0.5858191287878789 0.1129261363636364 0.8947679924242424 0.9569128787878788 0.7030066287878789 0.9805871212121212
1 0.7254971590909092 0.2869318181818182 0.744436553030303 0.28101325757575757 0.9835464015151516 0.6148200757575758 0.9728929924242424 0.7391098484848485
1 0.7266808712121213 0.15198863636363638 0.734966856060606 0.14488636363636365 0.9847301136363635 0.36624053030303033 0.9823626893939394 0.3899147727272727
