0 0.5849436020710059 0.005362426035502943 0.9917483357988166 0.48266457100591714 0.9975268121301775 0.3682507396449704
0 0.5514284393491125 0.01229659763313608 0.9478319156804733 0.8097263313609467 0.998046875 0.6713789944602102
0 0.5098234097633136 0.014607988165680458 0.5109791050295858 0.9911704881656805 0.6970460428994083 0.9934818786982249
0 0.482086723372781 0.013452292899408268 0.31797799556213013 0.8455528846153846 0.14000092455621305 0.8062592455621301
0 0.4335475221893491 0.01114090236686389 0.121509800295858 0.5080898668639053 0.06025795118343191 0.4098557692307692
0 0.029054178994082858 0.3150887573964497 0.007095968934911212 0.2584596893491124 0.40234375 0.0030510355029585642
1 0.529000946969697 0.04308712121212125 0.549124053030303 0.03953598484848489 0.9634232954545454 0.9285037878787878 0.7562736742424243 0.9936079545454546
1 0.48283617424242425 0.05492424242424246 0.49704071969696967 0.057291666666666706 0.44377367424242425 0.9486268939393939 0.32658617424242425 0.9403409090909091
1 0.43430397727272724 0.03243371212121216 0.44850852272727265 0.0348011363636364 0.09694602272727276 0.8006628787878788 0.04486268939393939 0.7178030303030304
1 0.37275094696969696 0.04071969696969701 0.382220643939394 0.04900568181818186 0.04486268939393939 0.3887310606060606 0.023555871212121215 0.3484848484848485
