0 0.5548955251479291 0.009985207100591701 0.6311714127218935 0.8975591715976331 0.5028892381656804 0.9056490384615384
0 0.5780094304733727 0.036566198224852055 0.8773345044378698 0.8305288461538461 0.964011649408284 0.7484744822485208
0 0.6126802884615385 0.023853550295857975 0.9755686020710059 0.45146079881656803 0.9952154215976332 0.3694064349112426
0 0.6542853180473374 0.02732063609467454 0.9929040310650887 0.3046875 0.9975268121301775 0.24459134615384615
0 0.5294702292899408 0.018075073964497028 0.1896958210059172 0.9807692307692308 0.06950351331360949 0.9484097633136095
0 0.4947993713017752 0.016919378698224838 0.02096431213017752 0.671042899408284 0.0001617973372781134 0.5577847633136095
0 0.45897281804733725 0.014607988165680458 0.012874445266272183 0.4214127218934911 0.0024731878698224796 0.35553809171597633
1 0.6544744318181819 0.04782196969696974 0.6580255681818181 0.04545454545454549 0.9870975378787878 0.31297348484848486 0.9799952651515151 0.33546401515151514
1 0.6059422348484849 0.059659090909090946 0.6248816287878789 0.05255681818181822 0.9740767045454546 0.5023674242424243 0.968158143939394 0.6799242424242424
1 0.5727982954545454 0.079782196969697 0.5858191287878789 0.07741477272727276 0.8580729166666667 0.9012784090909091 0.6828835227272727 0.9427083333333334
1 0.5171638257575757 0.09517045454545457 0.5337357954545454 0.09517045454545457 0.46034564393939387 0.978219696969697 0.24372632575757575 0.9829545454545454
1 0.49230587121212116 0.04545454545454549 0.500591856060606 0.04782196969696974 0.05669981060606061 0.9142992424242424 0.018821022727272763 0.7544981060606061
1 0.44377367424242425 0.04545454545454549 0.44850852272727265 0.04782196969696974 0.014086174242424254 0.49763257575757575 0.01171875 0.45146780303030304
