0 0.549117048816568 0.008829511834319511 0.5849436020710059 0.9923261834319527 0.6854890902366864 0.9957932692307693
0 0.5849436020710059 0.025009245562130165 0.9859698594674557 0.914894600591716 0.9929040310650887 0.7322947485207101
0 0.6346384985207101 0.021542159763313595 0.998046875 0.4807057592514321 0.998046875 0.3682507396449704
0 0.5167575813609467 0.009985207100591701 0.2682830991124261 0.9391642011834319 0.15155787721893488 0.909116124260355
0 0.4809310281065089 0.01114090236686389 0.12266549556213013 0.5843657544378699 0.023275702662721887 0.5323594674556213
0 0.4358589127218935 0.021542159763313595 0.012874445266272183 0.4156342455621302 0.0036288831360946627 0.34282544378698226
1 0.6035748106060606 0.03125000000000004 0.9811789772727273 0.6491477272727273 0.9835464015151516 0.5248579545454546 0.6225142045454546 0.027698863636363674
1 0.5645123106060606 0.03125000000000004 0.5739820075757576 0.03125000000000004 0.958688446969697 0.9427083333333334 0.724313446969697 0.9604640151515151
1 0.5207149621212122 0.028882575757575794 0.5349195075757576 0.03125000000000004 0.5432054924242424 0.9569128787878788 0.3064630681818182 0.9569128787878788
1 0.4887547348484848 0.02533143939393943 0.4958570075757575 0.02533143939393943 0.10286458333333331 0.9048295454545455 0.03302556818181818 0.7959280303030303
1 0.4236505681818182 0.04900568181818186 0.42720170454545453 0.05255681818181822 0.03302556818181818 0.49053030303030304 0.0105350378787879 0.4419981060606061
