0 0.5248474482248521 0.013452292899408268 0.9235623150887575 0.9437869822485208 0.9905926405325445 0.8501756656804734
0 0.5572069156804733 0.022697855029585785 0.9859698594674557 0.5658746301775148 0.998046875 0.4736501479289949
0 0.5005778476331361 0.01229659763313608 0.5687638683431953 0.9322300295857988 0.4716854659763313 0.9322300295857988
0 0.46937407544378695 0.016919378698224838 0.14346801035502954 0.9830806213017752 0.02096431213017752 0.920673076923077
0 0.4427930843195267 0.016919378698224838 0.014030140532544366 0.5889885355029586 0.0036288831360946627 0.4537721893491124
0 0.37345136834319526 0.02847633136094673 0.007095968934911212 0.31162167159763315 0.0024731878698224796 0.2573039940828402
1 0.5633285984848486 0.059659090909090946 0.5692471590909092 0.05492424242424246 0.9870975378787878 0.6207386363636364 0.9551373106060606 0.7414772727272727
1 0.5171638257575757 0.04663825757575762 0.5218986742424243 0.04545454545454549 0.8852982954545454 0.9486268939393939 0.6177793560606062 0.9557291666666666
1 0.4745501893939394 0.04190340909090913 0.48757102272727265 0.04663825757575762 0.43193655303030304 0.9663825757575758 0.18454071969696967 0.9675662878787878
1 0.4331202651515151 0.05255681818181822 0.43903882575757575 0.056107954545454586 0.05669981060606061 0.7840909090909092 0.029474431818181823 0.6313920454545455
1 0.3739346590909091 0.04663825757575762 0.38813920454545453 0.0513731060606061 0.020004734848484862 0.3946496212121212 0.01645359848484851 0.34019886363636365
