0 0.5260031434911243 0.008829511834319511 0.5756980399408285 0.8386187130177515 0.4578171227810651 0.829373150887574
0 0.5525841346153846 0.022697855029585785 0.8230168269230769 0.7738997781065089 0.8946699334319528 0.7091808431952663
0 0.49942215236686394 0.021542159763313595 0.2729058801775148 0.628282174556213 0.1896958210059172 0.6132581360946746
0 0.4670626849112426 0.01229659763313608 0.14346801035502954 0.48266457100591714 0.08568324704142016 0.4156342455621302
0 0.5837879068047338 0.040033284023668625 0.9859698594674557 0.5335151627218935 0.9940597263313611 0.4271911982248521
0 0.02443139792899407 0.34975961538461536 0.010563054733727817 0.3035318047337278 0.40234375 0.025009245562130165
1 0.500591856060606 0.060842803030303066 0.5065104166666667 0.059659090909090946 0.4200994318181818 0.8444602272727273 0.2614820075757575 0.7544981060606061
1 0.5396543560606062 0.058475378787878826 0.5550426136363638 0.058475378787878826 0.7799479166666667 0.7663352272727273 0.6177793560606062 0.8290719696969697
1 0.5988399621212122 0.09043560606060609 0.6130445075757576 0.08925189393939396 0.9764441287878787 0.5603693181818182 0.8959517045454546 0.6574337121212122
1 0.4591619318181818 0.04782196969696974 0.46626420454545453 0.0513731060606061 0.17507102272727276 0.6124526515151516 0.12298768939393939 0.5603693181818182
1 0.40471117424242425 0.04308712121212125 0.41418087121212116 0.04900568181818186 0.07682291666666669 0.4029356060606061 0.050781250000000056 0.3650568181818182
