0 0.536404400887574 0.006518121301775132 0.5190689718934911 0.738073224852071 0.6288600221893492 0.7207377958579881
0 0.5595183062130178 0.013452292899408268 0.8183940458579881 0.7080251479289941 0.9501433062130178 0.6398391272189349
0 0.59765625 0.022697855029585785 0.9825027736686391 0.5600961538461539 0.9929040310650887 0.45030510355029585
0 0.5156018860946746 0.013452292899408268 0.15618065828402372 0.9957932692307693 0.03367696005917159 0.9553439349112426
0 0.4913322855029586 0.006518121301775132 0.1584920488165681 0.4318139792899408 0.11573132396449703 0.390208949704142
0 0.4578171227810651 0.013452292899408268 0.026742788461538436 0.39252034023668636 0.0001617973372781134 0.32317862426035504
0 0.3364691198224852 0.07008136094674555 0.0024731878698224796 0.2781065088757396 0.0024731878698224796 0.23303439349112426
1 0.6000236742424243 0.05018939393939398 0.6023910984848484 0.04782196969696974 0.9859138257575757 0.5946969696969697 0.9764441287878787 0.6598011363636364
1 0.5503077651515151 0.05018939393939398 0.5597774621212122 0.04782196969696974 0.7953361742424243 0.7296401515151515 0.656841856060606 0.7426609848484849
1 0.510061553030303 0.04782196969696974 0.5183475378787878 0.0513731060606061 0.46863162878787873 0.9190340909090909 0.2153172348484848 0.9794034090909091
1 0.48046874999999994 0.04308712121212125 0.48520359848484845 0.04308712121212125 0.03894412878787884 0.8562973484848485 0.06380208333333331 0.6089015151515151
1 0.42128314393939387 0.057291666666666706 0.422466856060606 0.06202651515151519 0.06380208333333331 0.4206912878787879 0.0495975378787879 0.4005681818181818
