0 0.5387157914201184 0.0030510355029585642 0.6473511464497042 0.9564996301775148 0.5387157914201184 0.9588110207100592
0 0.5548955251479291 0.016919378698224838 0.9016041050295858 0.8155048076923077 0.9617002588757397 0.7242048816568047
0 0.5860992973372781 0.01114090236686389 0.9871255547337279 0.5462278106508875 0.9975268121301775 0.44452662721893493
0 0.6173030695266273 0.014607988165680458 0.8576876849112427 0.24112426035502957 0.8784901997041421 0.2076090976331361
0 0.5132904955621301 0.014607988165680458 0.36998428254437865 0.5531619822485208 0.27752866124260356 0.5346708579881657
0 0.48555380917159763 0.01229659763313608 0.21512111686390534 0.4248798076923077 0.14115661982248517 0.40638868343195267
0 0.4531943417159764 0.01229659763313608 0.0 0.4216706213205956 0.0 0.3312684911242603
0 0.014030140532544366 0.27579511834319526 0.39078679733727817 0.026164940828402355 0.004784578402366846 0.2180103550295858
1 0.5704308712121213 0.020596590909090946 0.5799005681818181 0.020596590909090946 0.9930160984848484 0.5828598484848485 0.9539535984848484 0.6763731060606061
1 0.5538589015151516 0.0513731060606061 0.5621448863636365 0.0513731060606061 0.880563446969697 0.8409090909090909 0.6710464015151516 0.9592803030303031
1 0.5183475378787878 0.05492424242424246 0.5278172348484849 0.057291666666666706 0.500591856060606 0.9498106060606061 0.30172821969696967 0.8989109848484849
1 0.4745501893939394 0.05018939393939398 0.4840198863636363 0.0513731060606061 0.2011126893939394 0.6491477272727273 0.11943655303030304 0.5994318181818182
1 0.41891571969696967 0.058475378787878826 0.422466856060606 0.059659090909090946 0.10523200757575762 0.42424242424242425 0.0 0.5282920497105891 0.01171875 0.45146780303030304
