0 0.5433385724852071 0.004206730769230753 0.5225360576923077 0.5728088017751479 0.6357941937869822 0.5635632396449705
0 0.566452477810651 0.009985207100591701 0.9582331730769231 0.9518768491124261 0.9952154215976332 0.8282174556213018
0 0.5953448594674557 0.009985207100591701 0.9940597263313611 0.5369822485207101 0.9917483357988166 0.4271911982248521
0 0.6149916789940828 0.009985207100591701 0.9929040310650887 0.35207100591715973 0.9917483357988166 0.2838849852071006
0 0.5271588387573964 0.006518121301775132 0.24285780325443784 0.9033376479289941 0.14693509615384615 0.8825351331360947
0 0.5052006286982249 0.01114090236686389 0.005940273668639029 0.6918454142011834 0.0036288831360946627 0.585521449704142
0 0.4716854659763313 0.016919378698224838 0.00825166420118345 0.41794563609467456 0.0036288831360946627 0.36131656804733725
0 0.4300804363905325 0.020386464497041408 0.007095968934911212 0.2896634615384615 0.0036288831360946627 0.2526812130177515
1 0.5822679924242424 0.021780303030303066 0.5905539772727273 0.020596590909090946 0.9823626893939394 0.5639204545454546 0.9764441287878787 0.7367424242424243
1 0.5597774621212122 0.0348011363636364 0.568063446969697 0.0348011363636364 0.9255445075757576 0.9651988636363636 0.75390625 0.9888731060606061
1 0.5230823863636362 0.04663825757575762 0.5313683712121213 0.04900568181818186 0.47336647727272724 0.9734848484848485 0.2745028409090909 0.9734848484848485
1 0.48520359848484845 0.056107954545454586 0.4934895833333333 0.057291666666666706 0.07800662878787884 0.9379734848484849 0.02118844696969696 0.7391098484848485
1 0.42720170454545453 0.06912878787878791 0.4331202651515151 0.07149621212121215 0.022372159090909116 0.518939393939394 0.023555871212121215 0.43134469696969696
1 0.4082623106060606 0.04782196969696974 0.4129971590909091 0.04782196969696974 0.017637310606060608 0.3248106060606061 0.01171875 0.30232007575757575
