0 0.5167575813609467 0.007673816568047321 0.5271588387573964 0.7900795118343196 0.6115245931952662 0.7773668639053255
0 0.5444942677514792 0.014607988165680458 0.7941244452662721 0.6028568786982249 0.8646218565088757 0.5531619822485208
0 0.5780094304733727 0.01229659763313608 0.9894369452662721 0.524269600591716 0.9963711168639053 0.43412536982248523
0 0.6045904215976332 0.016919378698224838 0.9189395340236686 0.2954419378698225 0.9478319156804733 0.2573039940828402
0 0.49711076183431957 0.008829511834319511 0.21280972633136097 0.9276072485207101 0.121509800295858 0.9102718195266273
0 0.4682183801775148 0.007673816568047321 0.03829974112426038 0.6225036982248521 0.004784578402366846 0.5369822485207101
0 0.44163738905325445 0.008829511834319511 0.007095968934911212 0.3994545118343195 0.0024731878698224796 0.3347355769230769
0 0.40696653106508873 0.01229659763313608 0.0036288831360946627 0.26423816568047337 0.009407359467455634 0.22725591715976332
1 0.5727982954545454 0.03716856060606064 0.5810842803030303 0.03598484848484852 0.9811789772727273 0.548532196969697 0.9740767045454546 0.6834753787878788
1 0.5313683712121213 0.03953598484848489 0.5443892045454546 0.04190340909090913 0.8983191287878789 0.9533617424242424 0.6864346590909092 0.9604640151515151
1 0.49704071969696967 0.04427083333333337 0.5065104166666667 0.04427083333333337 0.4934895833333333 0.9734848484848485 0.2520123106060606 0.9663825757575758
1 0.46389678030303033 0.028882575757575794 0.4745501893939394 0.03125000000000004 0.07090435606060602 0.9249526515151515 0.017637310606060608 0.7237215909090909
1 0.4177320075757575 0.04190340909090913 0.4177320075757575 0.04545454545454549 0.015269886363636354 0.4869791666666667 0.020004734848484862 0.41240530303030304
