0 0.5456499630177516 0.0030510355029585642 0.5791651257396451 0.9969489644970414 0.4716854659763313 0.9969489644970414
0 0.5652967825443787 0.01114090236686389 0.9351192677514792 0.9680565828402367 0.9917483357988166 0.8224389792899408
0 0.6161473742603552 0.006518121301775132 0.9952154215976332 0.5023113905325444 0.9963711168639053 0.41332285502958577
0 0.646195451183432 0.009985207100591701 0.9940597263313611 0.32317862426035504 0.9963711168639053 0.25499260355029585
0 0.6982017381656804 0.02732063609467454 0.9917483357988166 0.2156989644970414 0.998046875 0.16845992048816644
0 0.5190689718934911 0.007673816568047321 0.15386926775147924 0.9715236686390533 0.052168084319526575 0.9322300295857988
0 0.482086723372781 0.009985207100591701 0.016341531065088732 0.6144138313609467 0.0001617973372781134 0.5277366863905325
0 0.4427930843195267 0.01114090236686389 0.08915033284023666 0.3254900147928994 0.06834781804733725 0.2711723372781065
0 0.39078679733727817 0.022697855029585785 0.004784578402366846 0.261926775147929 0.00825166420118345 0.22263313609467456
0 0.36305011094674555 0.018075073964497028 0.005940273668639029 0.19605214497041418 0.0036288831360946627 0.16947115384615383
1 0.6035748106060606 0.0513731060606061 0.6260653409090908 0.04545454545454549 0.9823626893939394 0.5508996212121212 0.9728929924242424 0.743844696969697
1 0.5597774621212122 0.060842803030303066 0.5704308712121213 0.060842803030303066 0.8959517045454546 0.9569128787878788 0.6225142045454546 0.9876893939393939
1 0.5136126893939394 0.05018939393939398 0.5301846590909092 0.0513731060606061 0.4283854166666667 0.9723011363636364 0.18927556818181818 0.9829545454545454
1 0.4698153409090909 0.04427083333333337 0.48283617424242425 0.05018939393939398 0.040127840909090884 0.8858901515151515 0.02710700757575757 0.655066287878788
1 0.4236505681818182 0.04308712121212125 0.42956912878787873 0.04663825757575762 0.018821022727272763 0.4739583333333333 0.020004734848484862 0.4159564393939394
1 0.6769649621212122 0.05492424242424246 0.6793323863636365 0.056107954545454586 0.9764441287878787 0.32954545454545453 0.9646070075757576 0.35203598484848486
