0 0.4578171227810651 0.009985207100591701 0.4774639423076923 0.810882026627219 0.3861640162721893 0.7947022928994083
0 0.4809310281065089 0.021542159763313595 0.7351839866863905 0.7172707100591716 0.7837231878698225 0.6664201183431953
0 0.506356323964497 0.038877588757396435 0.9455205251479291 0.6294378698224852 0.9721015162721893 0.5450721153846154
0 0.5410271819526628 0.033099112426035485 0.9744129068047338 0.4306582840236686 0.9801913831360947 0.3590051775147929
0 0.4358589127218935 0.018075073964497028 0.17351608727810652 0.6837555473372781 0.1007072855029586 0.6594859467455622
0 0.4092779215976331 0.01114090236686389 0.009407359467455634 0.4907544378698225 0.0013174926035502965 0.4098557692307692
0 0.3746070636094675 0.009985207100591701 0.012874445266272183 0.3035318047337278 0.007095968934911212 0.2503698224852071
0 0.3468703772189349 0.013452292899408268 0.005940273668639029 0.2052977071005917 0.00825166420118345 0.16831545857988164
0 0.5722309541420119 0.038877588757396435 0.9859698594674557 0.33935835798816566 0.9871255547337279 0.30237610946745563
1 0.5325520833333333 0.0513731060606061 0.538470643939394 0.04663825757575762 0.9835464015151516 0.4550189393939394 0.9657907196969697 0.4988162878787879
1 0.5242660984848484 0.0916193181818182 0.5313683712121213 0.09280303030303033 0.9906486742424243 0.7178030303030304 0.8876657196969697 0.8409090909090909
1 0.47099905303030304 0.05255681818181822 0.48283617424242425 0.05492424242424246 0.7846827651515151 0.9438920454545454 0.51953125 0.9912405303030303
1 0.4331202651515151 0.05255681818181822 0.44377367424242425 0.05255681818181822 0.3455255681818182 0.9604640151515151 0.11706912878787884 0.9356060606060607
1 0.3964251893939394 0.04427083333333337 0.4082623106060606 0.0513731060606061 0.050781250000000056 0.6988636363636364 0.01171875 0.5473484848484849
1 0.34670928030303033 0.04663825757575762 0.3502604166666667 0.05374053030303034 0.028290719696969724 0.3567708333333333 0.0105350378787879 0.3248106060606061
