0 0.5780094304733727 0.0018953402366863748 0.8033700073964498 0.7912352071005917 0.8819572855029587 0.7369175295857988
0 0.6069018121301775 0.0030510355029585642 0.9952154215976332 0.5970784023668639 0.9929040310650887 0.4895987426035503
0 0.5502727440828403 0.0018953402366863748 0.4474158653846154 0.8709781804733728 0.5156018860946746 0.8617326183431953
0 0.5213803624260355 0.013452292899408268 0.21512111686390534 0.7207377958579881 0.16311482988165682 0.6918454142011834
0 0.49017659023668636 0.009985207100591701 0.0036288831360946627 0.5889885355029586 0.0024731878698224796 0.5196468195266272
0 0.4612842085798816 0.0030510355029585642 0.0036288831360946627 0.31855584319526625 0.0036288831360946627 0.3844304733727811
0 0.4219905695266273 0.0030510355029585642 0.0013174926035502965 0.21223187869822485 0.0024731878698224796 0.2515255177514793
1 0.59765625 0.021780303030303066 0.6047585227272727 0.018229166666666703 0.9764441287878787 0.6195549242424243 0.8959517045454546 0.7118844696969697
1 0.5621448863636365 0.019412878787878826 0.5727982954545454 0.021780303030303066 0.7846827651515151 0.8184185606060607 0.5443892045454546 0.8929924242424243
1 0.5254498106060606 0.02533143939393943 0.5349195075757576 0.021780303030303066 0.4307528409090909 0.8787878787878788 0.23425662878787873 0.7604166666666667
1 0.4911221590909091 0.02296401515151519 0.49940814393939387 0.02651515151515155 0.1277225378787879 0.6964962121212122 0.02473958333333337 0.6041666666666667
1 0.45087594696969696 0.027698863636363674 0.4591619318181818 0.027698863636363674 0.037760416666666685 0.45265151515151514 0.018821022727272763 0.4017518939393939
1 0.40944602272727276 0.021780303030303066 0.41654829545454547 0.021780303030303066 0.02592329545454547 0.28811553030303033 0.020004734848484862 0.2597064393939394
