0 0.6115245931952662 0.0007396449704141854 0.9385863535502958 0.7184264053254438 0.9813470784023668 0.6641087278106509
0 0.6427283653846154 0.0007396449704141854 0.998046875 0.4675982692547059 0.9952154215976332 0.38789755917159763
0 0.6843333949704142 0.0018953402366863748 0.9940597263313611 0.30931028106508873 0.9975268121301775 0.25383690828402367
0 0.5768537352071006 0.004206730769230753 0.5941891642011834 0.5173354289940828 0.6589080991124261 0.5115569526627219
0 0.5352487056213018 0.006518121301775132 0.2856185281065089 0.6698872041420119 0.3653615014792899 0.6837555473372781
0 0.5017335428994083 0.0018953402366863748 0.1145756286982248 0.48728735207100593 0.16311482988165682 0.5080898668639053
0 0.46243990384615385 0.004206730769230753 0.10301867603550297 0.261926775147929 0.1492464866863905 0.29890902366863903
0 0.4231462647928994 0.0018953402366863748 0.04292252218934911 0.20067492603550294 0.057946560650887546 0.2261002218934911
0 0.7282498150887575 0.007673816568047321 0.9848141642011834 0.19951923076923075 0.9905926405325445 0.1625369822485207
1 0.6627604166666667 0.006392045454545495 0.6734138257575757 0.006392045454545495 0.9894649621212122 0.3248106060606061 0.9776278409090908 0.34611742424242425
1 0.6319839015151516 0.017045454545454582 0.6402698863636365 0.015861742424242462 0.9859138257575757 0.4881628787878788 0.9799952651515151 0.5828598484848485
1 0.5917376893939394 0.02296401515151519 0.6083096590909092 0.019412878787878826 0.9918323863636362 0.9273200757575758 0.801681647416791 0.998046875
1 0.5467566287878789 0.017045454545454582 0.5645123106060606 0.019412878787878826 0.5692471590909092 0.9723011363636364 0.3502604166666667 0.9486268939393939
1 0.5112452651515151 0.01112689393939398 0.5218986742424243 0.017045454545454582 0.16560132575757575 0.8847064393939394 0.08392518939393939 0.6893939393939394
1 0.46626420454545453 0.013494318181818222 0.47336647727272724 0.014678030303030342 0.04367897727272724 0.5272253787878788 0.02473958333333337 0.4621212121212121
1 0.4200994318181818 0.014678030303030342 0.42720170454545453 0.017045454545454582 0.014086174242424254 0.30705492424242425 0.02118844696969696 0.26680871212121215
