0 0.5294702292899408 0.005362426035502943 0.5248474482248521 0.9380085059171598 0.6878004807692308 0.920673076923077
0 0.5745423446745561 0.020386464497041408 0.9362749630177516 0.9021819526627219 0.998046875 0.7090043370091449
0 0.6300157174556213 0.008829511834319511 0.9929040310650887 0.45492788461538464 0.998046875 0.38189950073964635
0 0.4913322855029586 0.006518121301775132 0.23245654585798814 0.6121024408284024 0.37229567307692313 0.6225036982248521
0 0.4300804363905325 0.023853550295857975 0.04754530325443784 0.5647189349112426 0.12613258136094674 0.591299926035503
0 0.38963110207100593 0.01229659763313608 0.04870099852071008 0.280417899408284 0.10879715236686394 0.29197485207100593
0 0.6843333949704142 0.013452292899408268 0.9917483357988166 0.3254900147928994 0.9905926405325445 0.2469027366863905
1 0.6532907196969697 0.009943181818181858 0.6651278409090908 0.01112689393939398 0.9953835227272727 0.34138257575757575 0.9870975378787878 0.35203598484848486
1 0.6012073863636365 0.030066287878787915 0.6201467803030303 0.02296401515151519 0.9965672348484849 0.5023674242424243 0.9752604166666667 0.5958806818181819
1 0.5503077651515151 0.028882575757575794 0.5656960227272727 0.03243371212121216 0.919625946969697 0.9711174242424243 0.7408854166666667 0.9770359848484849
1 0.5041429924242424 0.020596590909090946 0.5147964015151514 0.018229166666666703 0.48757102272727265 0.9438920454545454 0.3478929924242424 0.9592803030303031
1 0.4473248106060606 0.02296401515151519 0.46863162878787873 0.020596590909090946 0.15139678030303033 0.7473958333333334 0.08392518939393939 0.7178030303030304
1 0.39997632575757575 0.020596590909090946 0.41654829545454547 0.019412878787878826 0.03420928030303033 0.5544507575757576 0.028290719696969724 0.41950757575757575
