0 0.47630824704142016 0.005362426035502943 0.15155787721893488 0.8490199704142012 0.30064256656804733 0.890625
0 0.5167575813609467 0.007673816568047321 0.4924879807692307 0.9911704881656805 0.6277043269230769 0.9865477071005917
0 0.5583626109467457 0.013452292899408268 0.9316521819526626 0.8351516272189349 0.9767242973372781 0.7496301775147929
0 0.41390070266272194 0.009985207100591701 0.04754530325443784 0.47573039940828404 0.1688933062130178 0.5323594674556213
0 0.6092132026627219 0.013452292899408268 0.896981323964497 0.39598742603550297 0.9351192677514792 0.3312684911242603
0 0.3584273298816568 0.005362426035502943 0.0 0.2711122843278217 0.0013174926035502965 0.3312684911242603
1 0.5787168560606062 0.014678030303030342 0.5929214015151516 0.014678030303030342 0.9906486742424243 0.558001893939394 0.9811789772727273 0.6905776515151516
1 0.529000946969697 0.015861742424242462 0.5420217803030303 0.015861742424242462 0.9421164772727273 0.9190340909090909 0.6710464015151516 0.9699337121212122
1 0.4887547348484848 0.019412878787878826 0.500591856060606 0.018229166666666703 0.45324337121212116 0.9723011363636364 0.31238162878787873 0.9746685606060607
1 0.4260179924242424 0.0123106060606061 0.4496922348484848 0.019412878787878826 0.0981297348484848 0.9060132575757576 0.053148674242424254 0.861032196969697
1 0.3691998106060606 0.019412878787878826 0.3845880681818182 0.020596590909090946 0.01645359848484851 0.45265151515151514 0.017637310606060608 0.3508522727272727
