0 0.9547660872781065 0.004206730769230753 0.0013174926035502965 0.9102718195266273 0.19738644768692856 0.998046875
0 0.9859698594674557 0.0030510355029585642 0.865777551775148 0.9715236686390533 0.998046875 0.8436633228550295
0 0.9235623150887575 0.0030510355029585642 0.22205528846153844 0.3578494822485207 0.29370839497041423 0.3936760355029586
0 0.7871902736686391 0.02963202662721892 0.14577940088757402 0.2388128698224852 0.1688933062130178 0.2838849852071006
0 0.7328725961538463 0.031943417159763295 0.057946560650887546 0.16831545857988164 0.08337185650887569 0.20992048816568046
0 0.004784578402366846 0.12093195266272187 0.005940273668639029 0.1498243343195266 0.6831776997041421 0.025009245562130165
1 0.9575047348484849 0.028882575757575794 0.968158143939394 0.027698863636363674 0.8296638257575757 0.9651988636363636 0.2638494318181818 0.9734848484848485
1 0.9042376893939394 0.02414772727272731 0.9160748106060606 0.027698863636363674 0.053148674242424254 0.7994791666666667 0.03420928030303033 0.5899621212121212
1 0.7906013257575757 0.04071969696969701 0.8036221590909092 0.04427083333333337 0.020004734848484862 0.4384469696969697 0.022372159090909116 0.3567708333333333
1 0.694720643939394 0.0513731060606061 0.6970880681818181 0.05255681818181822 0.02473958333333337 0.26799242424242425 0.018821022727272763 0.2478693181818182
