0 0.1931629068047337 0.004206730769230753 0.14462370562130178 0.9934818786982249 0.3503374630177515 0.9807692307692308
0 0.17004900147928992 0.005362426035502943 0.00825166420118345 0.15444711538461536 0.01518583579881655 0.25383690828402367
0 0.13422244822485208 0.008829511834319511 0.00825166420118345 0.06083579881656803 0.007095968934911212 0.10244082840236685
0 0.21974389792899407 0.013452292899408268 0.9547660872781065 0.9599667159763313 0.9929040310650887 0.8478642751479291
0 0.2555704511834319 0.013452292899408268 0.9929040310650887 0.505778476331361 0.9952154215976332 0.4468380177514793
0 0.3503374630177515 0.05159023668639052 0.9512990014792899 0.3035318047337278 0.9189395340236686 0.3278014053254438
0 0.4231462647928994 0.05852440828402365 0.9940597263313611 0.2469027366863905 0.98828125 0.3000647189349112
1 0.1738873106060606 0.02414772727272731 0.17980587121212116 0.02414772727272731 0.06972064393939398 0.9533617424242424 0.02710700757575757 0.29048295454545453
1 0.20703124999999994 0.02533143939393943 0.21650094696969696 0.02533143939393943 0.890033143939394 0.9545454545454546 0.38813920454545453 0.9746685606060607
1 0.2496448863636364 0.030066287878787915 0.2591145833333333 0.027698863636363674 0.958688446969697 0.5142045454545455 0.9669744318181819 0.7592329545454546
1 0.4177320075757575 0.0963541666666667 0.42483428030303033 0.0963541666666667 0.9906486742424243 0.3768939393939394 0.9811789772727273 0.41240530303030304
