0 0.12035410502958577 0.01229659763313608 0.009407359467455634 0.18218380177514792 0.0013174926035502965 0.12555473372781065
0 0.13422244822485208 0.016919378698224838 0.00825166420118345 0.9923261834319527 0.27752866124260356 0.9969489644970414
0 0.16195913461538458 0.034254807692307675 0.9420534393491125 0.9669008875739645 0.98828125 0.8386187130177515
0 0.19894138313609466 0.041188979289940815 0.8565319896449703 0.43874815088757396 0.8588433801775148 0.36593934911242604
0 0.2578818417159763 0.04812315088757395 0.9859698594674557 0.35207100591715973 0.9894369452662721 0.3058431952662722
0 0.3202893860946746 0.05043454142011833 0.98828125 0.26654955621301774 0.9894369452662721 0.21454326923076922
1 0.15613162878787884 0.06676136363636366 0.1691524621212121 0.06676136363636366 0.8722774621212122 0.9498106060606061 0.3301373106060606 0.96875
1 0.10996685606060602 0.05492424242424246 0.030658143939393978 0.6065340909090909 0.022372159090909116 0.22182765151515152
1 0.24846117424242425 0.09990530303030305 0.9776278409090908 0.772253787878788 0.9740767045454546 0.5473484848484849 0.26029829545454547 0.0963541666666667
1 0.32895359848484845 0.09398674242424246 0.33842329545454547 0.09043560606060609 0.9835464015151516 0.37334280303030304 0.9835464015151516 0.4005681818181818
1 0.4236505681818182 0.09517045454545457 0.4283854166666667 0.09517045454545457 0.9894649621212122 0.28101325757575757 0.9870975378787878 0.28811553030303033
