0 0.5005778476331361 0.015763683431952648 0.07874907544378695 0.775055473372781 0.1792945636094675 0.8143491124260355
0 0.506356323964497 0.02847633136094673 0.4531943417159764 0.9923261834319527 0.5814765162721893 0.994637573964497
0 0.530625924556213 0.034254807692307675 0.9270294008875739 0.9807692307692308 0.9952154215976332 0.8836908284023669
0 0.5583626109467457 0.042344674556213 0.896981323964497 0.414478550295858 0.9108496671597632 0.35207100591715973
0 0.4670626849112426 0.034254807692307675 0.0 0.5173049683706833 0.0 0.5993897928994083
0 0.6126802884615385 0.06776997041420117 0.9917483357988166 0.36131656804733725 0.998046875 0.31512728057199285
0 0.6092132026627219 0.04696745562130176 0.998046875 0.21773120489702028 0.9975268121301775 0.2677052514792899
0 0.38731971153846156 0.04350036982248519 0.04407821745562135 0.1844951923076923 0.04754530325443784 0.2076090976331361
0 0.39309818786982254 0.0643028846153846 0.06372503698224852 0.2896634615384615 0.09261741863905326 0.30931028106508873
1 0.5230823863636362 0.0632102272727273 0.5301846590909092 0.0632102272727273 0.8935842803030303 0.978219696969697 0.6390861742424243 0.9865056818181819
1 0.5656960227272727 0.07859848484848488 0.5751657196969697 0.07623106060606064 0.9918323863636362 0.5461647727272728 0.9705255681818181 0.7580492424242424
1 0.48283617424242425 0.08333333333333336 0.4934895833333333 0.08451704545454548 0.3987926136363636 0.9829545454545454 0.1715198863636364 0.9367897727272727
1 0.6521070075757576 0.11174242424242427 0.656841856060606 0.11055871212121214 0.98828125 0.37334280303030304 0.9776278409090908 0.3958333333333333
1 0.7160274621212122 0.12121212121212124 0.9918323863636362 0.2774621212121212 0.98828125 0.29048295454545453
1 0.44140624999999994 0.08333333333333336 0.4473248106060606 0.08688446969696972 0.03657670454545453 0.7817234848484849 0.0105350378787879 0.6278409090909092
1 0.40707859848484845 0.06557765151515155 0.4153645833333333 0.06557765151515155 0.022372159090909116 0.4668560606060606 0.022372159090909116 0.39701704545454547
1 0.35854640151515155 0.07149621212121215 0.36328124999999994 0.07267992424242427 0.01645359848484851 0.30232007575757575 0.006983901515151547 0.24550189393939395
