0 0.482086723372781 0.01114090236686389 0.5190689718934911 0.9888590976331361 0.7074473002958579 0.9853920118343196
0 0.5040449334319527 0.01114090236686389 0.8276396079881656 0.7057137573964497 0.9235623150887575 0.6225036982248521
0 0.4531943417159764 0.008829511834319511 0.06025795118343191 0.6987795857988166 0.16195913461538458 0.7935465976331361
0 0.5479613535502958 0.019230769230769218 0.9131610576923077 0.4745747041420118 0.9512990014792899 0.38674186390532544
0 0.42083487426035504 0.01229659763313608 0.035988350591715956 0.36016087278106507 0.1007072855029586 0.3994545118343195
0 0.3815412352071006 0.015763683431952648 0.03020987426035504 0.2168546597633136 0.06372503698224852 0.26539386094674555
0 0.6069018121301775 0.036566198224852055 0.9767242973372781 0.3254900147928994 0.9871255547337279 0.2607710798816568
1 0.49940814393939387 0.04782196969696974 0.510061553030303 0.04782196969696974 0.9066051136363635 0.9734848484848485 0.7397017045454546 0.9865056818181819
1 0.549124053030303 0.05255681818181822 0.5597774621212122 0.05255681818181822 0.997750946969697 0.5982481060606061 0.9776278409090908 0.6231060606060607
1 0.6118607954545454 0.060842803030303066 0.6236979166666667 0.059659090909090946 0.9776278409090908 0.35321969696969696 0.9646070075757576 0.36860795454545453
1 0.4544270833333333 0.04308712121212125 0.46863162878787873 0.04545454545454549 0.4698153409090909 0.9580965909090909 0.15258049242424238 0.9616477272727273
1 0.4129971590909091 0.03716856060606064 0.422466856060606 0.03835227272727277 0.050781250000000056 0.6728219696969697 0.02710700757575757 0.5603693181818182
1 0.3644649621212121 0.04190340909090913 0.3691998106060606 0.04427083333333337 0.020004734848484862 0.3567708333333333 0.018821022727272763 0.32836174242424243
