0 0.4462601701183432 0.0018953402366863748 0.0 0.5364897856740846 0.019808616863905337 0.6490846893491125
0 0.49017659023668636 0.004206730769230753 0.1319110576923077 0.8513313609467456 0.3549602440828402 0.8490199704142012
0 0.5444942677514792 0.01229659763313608 0.536404400887574 0.49191013313609466 0.646195451183432 0.4780417899408284
0 0.5849436020710059 0.01114090236686389 0.9778799926035504 0.981924926035503 0.9894369452662721 0.6629530325443787
0 0.6381055843195267 0.02847633136094673 0.9501433062130178 0.4017659023668639 0.9547660872781065 0.3266457100591716
0 0.3988766642011834 0.014607988165680458 0.03252126479289941 0.41678994082840237 0.004784578402366846 0.3347355769230769
1 0.6130445075757576 0.03243371212121216 0.627249053030303 0.03361742424242428 0.9859138257575757 0.49053030303030304 0.9622395833333333 0.5461647727272728
1 0.5633285984848486 0.027698863636363674 0.5751657196969697 0.027698863636363674 0.9326467803030303 0.9604640151515151 0.7977035984848484 0.9675662878787878
1 0.5065104166666667 0.030066287878787915 0.5278172348484849 0.03243371212121216 0.5017755681818181 0.978219696969697 0.39050662878787873 0.9711174242424243
1 0.45087594696969696 0.02533143939393943 0.46626420454545453 0.03125000000000004 0.050781250000000056 0.9249526515151515 0.02592329545454547 0.7095170454545455
1 0.39050662878787873 0.03953598484848489 0.3964251893939394 0.03953598484848489 0.02592329545454547 0.4822443181818182 0.022372159090909116 0.4621212121212121
