0 0.5641410872781065 0.015763683431952648 0.5294702292899408 0.9553439349112426 0.6277043269230769 0.9611224112426036
0 0.5375600961538461 0.018075073964497028 0.22898946005917165 0.5392936390532544 0.32606786242603547 0.5589404585798816
0 0.5907220784023668 0.022697855029585785 0.8565319896449703 0.5832100591715976 0.9154724482248522 0.518491124260355
0 0.5017335428994083 0.02847633136094673 0.0024731878698224796 0.4780417899408284 0.0036288831360946627 0.5716531065088757
0 0.44510447485207105 0.04696745562130176 -5.551115123125783e-17 0.30569813558457454 0.0 0.39598742603550297
0 0.6242372411242603 0.026164940828402355 0.9004484097633136 0.37056213017751477 0.9200952292899409 0.26539386094674555
1 0.5763494318181819 0.04308712121212125 0.5905539772727273 0.04308712121212125 0.9575047348484849 0.9285037878787878 0.6769649621212122 0.9723011363636364
1 0.6260653409090908 0.056107954545454586 0.6331676136363638 0.056107954545454586 0.9468513257575757 0.45265151515151514 0.9267282196969697 0.4834280303030303
1 0.5420217803030303 0.05018939393939398 0.5526751893939394 0.05492424242424246 0.4816524621212121 0.9711174242424243 0.25793087121212116 0.9024621212121212
1 0.4792850378787879 0.06912878787878791 0.48993844696969696 0.07267992424242427 0.0519649621212121 0.7888257575757576 0.02473958333333337 0.6053503787878788
1 0.41418087121212116 0.08214962121212124 0.42128314393939387 0.08451704545454548 0.022372159090909116 0.4325284090909091 0.029474431818181823 0.4029356060606061
