0 0.5410271819526628 0.004206730769230753 0.4982664571005917 0.9183616863905325 0.688956176035503 0.8825351331360947
0 0.6138359837278107 0.007673816568047321 0.8126155695266273 0.5878328402366864 0.9582331730769231 0.49768860946745563
0 0.20703125 0.9830806213017752 0.012874445266272183 0.9021819526627219 0.4601285133136095 0.007673816568047321
0 0.010563054733727817 0.5034670857988166 0.3861640162721893 0.004206730769230753 -5.551115123125783e-17 0.32867590420503484
0 0.9952154215976332 0.30237610946745563 0.7317169008875739 0.0007396449704141854 0.9871255547337279 0.3948317307692308
0 0.2786843565088758 0.004206730769230753 0.07643768491124259 0.13364460059171596 0.13768953402366868 0.1740939349112426
1 0.4011600378787879 0.0123106060606061 0.42483428030303033 0.015861742424242462 0.029474431818181823 0.7923768939393939 0.02592329545454547 0.5390625
1 0.4863873106060606 0.03243371212121216 0.5159801136363635 0.03125000000000004 0.45797821969696967 0.9166666666666666 0.26029829545454547 0.9403409090909091
1 0.5763494318181819 0.04545454545454549 0.607125946969697 0.03716856060606064 0.8284801136363635 0.7296401515151515 0.7195785984848484 0.8314393939393939
1 0.6603929924242424 0.030066287878787915 0.7089251893939394 0.02296401515151519 0.9634232954545454 0.41240530303030304 0.9468513257575757 0.4443655303030303
