0 0.5884106878698225 0.0030510355029585642 0.6415726701183433 0.7369175295857988 0.725938424556213 0.7265162721893491
0 0.6508182322485208 0.0030510355029585642 0.9004484097633136 0.4907544378698225 0.9732572115384615 0.3948317307692308
0 0.7051359097633136 0.01229659763313608 0.9940597263313611 0.31162167159763315 0.9940597263313611 0.22147744082840234
0 0.5340930103550297 0.0030510355029585642 0.1388452292899408 0.8386187130177515 0.2521033653846154 0.8536427514792899
0 0.4739968565088758 0.01229659763313608 0.010563054733727817 0.4838202662721893 0.097240199704142 0.5381379437869822
0 0.40812222633136097 0.005362426035502943 0.018652921597633154 0.35207100591715973 0.07065920857988162 0.3844304733727811
1 0.41390070266272194 0.01229659763313608 0.08337185650887569 0.390208949704142 0.016341531065088732 0.4641734467455621 0.45203864644970415 0.009985207100591701 0.43123613165680474 0.01114090236686389
1 0.4843981139053255 0.020386464497041408 0.07297059911242598 0.5924556213017752 0.10648576183431957 0.8339959319526628 0.5248474482248521 0.0007396449704141854
1 0.5456499630177516 0.006518121301775132 0.27406157544378695 0.8628883136094675 0.6057461168639053 0.7369175295857988 0.561829696745562 0.0030510355029585642
1 0.6173030695266273 0.005362426035502943 0.6612194896449703 0.23996856508875739 0.7606092825443787 0.7126479289940828 0.8900471523668638 0.5069341715976331
1 0.6635308801775148 0.0018953402366863748 0.9825027736686391 0.3694064349112426 0.9929040310650887 0.33242418639053256
