0 0.5086677144970414 0.004206730769230753 0.5444942677514792 0.9715236686390533 0.653129622781065 0.9518768491124261
0 0.5652967825443787 0.016919378698224838 0.9536103920118344 0.7738997781065089 0.9801913831360947 0.5785872781065089
0 0.6045904215976332 0.013452292899408268 0.9247180103550297 0.34051405325443784 0.9512990014792899 0.2573039940828402
0 0.45550573224852076 0.01114090236686389 0.06141364644970415 0.7912352071005917 0.17236039201183428 0.8155048076923077
0 0.4092779215976331 0.009985207100591701 0.0024731878698224796 0.39714312130177515 0.035988350591715956 0.4780417899408284
0 0.3295349482248521 0.018075073964497028 0.0013174926035502965 0.2076090976331361 0.007095968934911212 0.32895710059171596
1 0.341091900887574 0.031943417159763295 0.014030140532544366 0.34398113905325445 1.734723475976807e-18 0.37671813362919127 0.38963110207100593 0.01114090236686389
1 0.4115893121301776 0.014607988165680458 0.04176682692307693 0.5092455621301775 0.053323779585798814 0.7600314349112426 0.4404816937869822 0.007673816568047321
1 0.4670626849112426 0.014607988165680458 0.20934264053254437 0.8201275887573964 0.5167575813609467 0.9680565828402367 0.487865199704142 0.01114090236686389
1 0.5375600961538461 0.015763683431952648 0.6635308801775148 0.9449426775147929 0.9455205251479291 0.7900795118343196 0.5606740014792899 0.018075073964497028
1 0.5768537352071006 0.01114090236686389 0.9929040310650887 0.5462278106508875 0.9177838387573964 0.3462925295857988 0.6045904215976332 0.02732063609467454
