0 0.5468056582840237 0.005362426035502943 0.9663230399408285 0.9853920118343196 0.9940597263313611 0.8120377218934911
0 0.5780094304733727 0.005362426035502943 0.8773345044378698 0.34051405325443784 0.8888914571005917 0.2515255177514793
0 0.5225360576923077 0.004206730769230753 0.4497272559171598 0.8756009615384616 0.5294702292899408 0.8501756656804734
0 0.4809310281065089 0.021542159763313595 0.0024731878698224796 0.7530972633136095 0.018652921597633154 0.9495654585798816
0 0.6230815458579881 0.01229659763313608 0.964011649408284 0.26654955621301774 0.9732572115384615 0.2156989644970414
0 0.4439487795857988 0.019230769230769218 0.019808616863905337 0.3936760355029586 0.08337185650887569 0.432969674556213
0 0.01518583579881655 0.33011279585798814 0.009407359467455634 0.2630824704142012 0.39078679733727817 0.02963202662721892
1 0.39425388313609466 0.037721893491124245 0.012874445266272183 0.34513683431952663 0.01171875 0.38558616863905326 0.426613350591716 0.021542159763313595
1 0.4531943417159764 0.016919378698224838 0.09839589497041423 0.4433709319526627 0.0001617973372781134 0.7068694526627219 0.4705297707100592 0.020386464497041408
1 0.49017659023668636 0.026164940828402355 0.03829974112426038 0.9645894970414202 0.4058108357988166 0.8813794378698225 0.5109791050295858 0.0007396449704141854
1 0.530625924556213 0.009985207100591701 0.5583626109467457 0.8513313609467456 0.9166281434911243 0.9888590976331361 0.5421828772189349 0.015763683431952648
1 0.5572069156804733 0.006518121301775132 0.9200952292899409 0.5496948964497042 0.998046875 0.7592532167351879 0.998046875 0.4664848372781065 0.8761788091715976 0.36362795857988167
1 0.5930334689349113 0.009985207100591701 0.8981370192307692 0.24459134615384615 0.9617002588757397 0.2781065088757396 0.6196144600591715 0.014607988165680458
