0 0.1715198863636364 0.0028409090909091313 0.20703124999999994 0.6254734848484849 0.27805397727272724 0.6171875
0 0.11351799242424238 0.005208333333333374 0.0 0.11423056368136816 0.003432765151515138 0.18158143939393942
0 0.22478693181818182 0.0004734848484848887 0.7917850378787878 0.5745738636363636 0.8296638257575757 0.5082859848484849
0 0.2910748106060606 0.0004734848484848887 0.9657907196969697 0.3768939393939394 0.9835464015151516 0.32007575757575757
0 0.3845880681818182 0.018229166666666703 0.9894649621212122 0.2537878787878788 0.9894649621212122 0.20525568181818182
0 0.45087594696969696 0.02414772727272731 0.9859138257575757 0.18394886363636365 0.9894649621212122 0.13541666666666669
1 0.12728827662721898 0.014607988165680458 0.009407359467455634 0.21223187869822485 0.13075536242603547 0.6028568786982249 0.15271357248520712 0.01114090236686389
1 0.19085151627218933 0.01229659763313608 0.3480260724852071 0.5115569526627219 0.30526534763313606 0.6144138313609467 0.7467409393491125 0.591299926035503 0.2174325073964497 0.01229659763313608
1 0.2555704511834319 0.0018953402366863748 0.8472864275147929 0.4687962278106509 0.9674787352071006 0.3913646449704142 0.2821514423076923 0.007673816568047321
1 0.3272235576923077 0.004206730769230753 0.9905926405325445 0.3046875 0.9894369452662721 0.2677052514792899 0.38269693047337283 0.023853550295857975
1 0.41736778846153844 0.018075073964497028 0.9929040310650887 0.19836353550295857 0.98828125 0.18911797337278105
