0 0.5349195075757576 0.004024621212121252 0.5443892045454546 0.6408617424242424 0.6106770833333333 0.6242897727272728
0 0.5065104166666667 0.004024621212121252 0.07090435606060602 0.8491950757575758 0.17862215909090912 0.8847064393939394
0 0.4650804924242424 0.01112689393939398 0.03894412878787884 0.4266098484848485 0.08984375000000006 0.4668560606060606
0 0.422466856060606 0.008759469696969736 0.06735321969696967 0.2478693181818182 0.11470170454545453 0.2821969696969697
0 0.5656960227272727 0.006392045454545495 0.891216856060606 0.5698390151515152 0.930279356060606 0.518939393939394
0 0.6118607954545454 0.008759469696969736 0.9799952651515151 0.37215909090909094 0.9953835227272727 0.32954545454545453
0 0.6651278409090908 0.019412878787878826 0.9906486742424243 0.2526041666666667 0.9870975378787878 0.1922348484848485
0 0.6982717803030303 0.019412878787878826 0.9918323863636362 0.17803030303030304 0.997750946969697 0.14015151515151517
0 0.06498579545454547 0.1756628787878788 0.08747632575757575 0.19105113636363638 0.3455255681818182 0.03361742424242428
1 0.3468703772189349 0.038877588757396435 0.08683894230769229 0.20183062130177515 0.07065920857988162 0.23303439349112426 0.40465514053254437 0.01229659763313608
1 0.432391826923077 0.018075073964497028 0.1076414571005917 0.30237610946745563 0.03367696005917159 0.39714312130177515 0.4474158653846154 0.014607988165680458
1 0.46937407544378695 0.020386464497041408 0.08337185650887569 0.49768860946745563 0.012874445266272183 0.8270617603550295 0.49364367603550297 0.007673816568047321
1 0.512134800295858 0.009985207100591701 0.20125277366863903 0.8940920857988166 0.5156018860946746 0.6548631656804734 0.5156018860946746 0.6548631656804734 0.5213803624260355 0.008829511834319511
1 0.549117048816568 0.01114090236686389 0.6392612795857988 0.6086353550295858 0.872711723372781 0.5936113165680473 0.5583626109467457 0.006518121301775132
1 0.5780094304733727 0.004206730769230753 0.9536103920118344 0.5115569526627219 0.9744129068047338 0.39252034023668636 0.6022790310650887 0.018075073964497028
1 0.6288600221893492 0.014607988165680458 0.998046875 0.31197733769401625 0.9952154215976332 0.2688609467455621
1 0.6808663091715976 0.013452292899408268 0.998046875 0.18979094682566808 0.9917483357988166 0.19142936390532544
