0 0.5467566287878789 0.0028409090909091313 0.2425426136363636 0.7544981060606061 0.14429450757575762 0.734375
0 0.5905539772727273 0.0028409090909091313 0.5941051136363638 0.7509469696969697 0.6840672348484849 0.7308238636363636
0 0.6426373106060606 0.007575757575757616 0.8438683712121211 0.41832386363636365 0.9089725378787878 0.3697916666666667
0 0.4934895833333333 0.009943181818181858 0.009351325757575746 0.5840435606060607 1.734723475976807e-18 0.48117897727272696
0 0.45797821969696967 0.006392045454545495 0.11588541666666669 0.27982954545454547 0.06853693181818182 0.23011363636363638
0 0.6923532196969697 0.02296401515151519 0.9847301136363635 0.3165246212121212 0.9930160984848484 0.19933712121212124
1 0.45897281804733725 0.014607988165680458 0.15502496301775148 0.2723280325443787 0.004784578402366846 0.45492788461538464 0.47630824704142016 0.01114090236686389
1 0.5017335428994083 0.016919378698224838 0.019808616863905337 0.5970784023668639 0.1111085428994083 0.725360576923077 0.5329373150887574 0.0018953402366863748
1 0.5525841346153846 0.01229659763313608 0.2763729659763313 0.7461630917159764 0.5641410872781065 0.7496301775147929 0.5722309541420119 0.007673816568047321
1 0.6022790310650887 0.015763683431952648 0.7051359097633136 0.7172707100591716 0.8345737795857988 0.4318139792899408 0.6404169748520709 0.020386464497041408
1 0.6589080991124261 0.016919378698224838 0.9235623150887575 0.3624722633136095 0.98828125 0.33357988165680474 0.6785549186390534 0.02847633136094673
