0 0.26266571969696967 0.007575757575757616 0.8580729166666667 0.7308238636363636 0.9279119318181819 0.6467803030303031
0 0.3455255681818182 0.008759469696969736 0.8888494318181819 0.39228219696969696 0.9160748106060606 0.32007575757575757
0 0.19756155303030304 0.01112689393939398 0.21886837121212116 0.33901515151515155 0.29699337121212116 0.31415719696969696
0 0.39997632575757575 0.005208333333333374 0.9859138257575757 0.2869318181818182 0.9918323863636362 0.23366477272727273
0 0.1300899621212121 0.009943181818181858 2.7755575615628914e-17 0.2249223565100154 0.009351325757575746 0.3224431818181818
0 0.47810132575757575 0.01112689393939398 0.9906486742424243 0.21827651515151517 0.9894649621212122 0.17921401515151517
1 0.14462370562130178 0.023853550295857975 0.031365569526627224 0.3266457100591716 0.20587555473372776 0.3462925295857988 0.18045025887573962 0.009985207100591701
1 0.21280972633136097 0.015763683431952648 0.31913369082840237 0.31162167159763315 0.8426636464497042 0.7403846153846154 0.2451691937869822 0.01229659763313608
1 0.2786843565088758 0.007673816568047321 0.9351192677514792 0.6375277366863905 0.8981370192307692 0.41678994082840237 0.33531342455621305 0.014607988165680458
1 0.3642058062130178 0.008829511834319511 0.9131610576923077 0.3035318047337278 0.9732572115384615 0.29659763313609466 0.3884754068047337 0.01229659763313608
1 0.4219905695266273 0.006518121301775132 0.9871255547337279 0.22725591715976332 0.9825027736686391 0.21916605029585798 0.4705297707100592 0.013452292899408268
