0 0.6864346590909092 0.005208333333333374 0.7491714015151516 0.9533617424242424 0.9018702651515151 0.9225852272727273
0 0.7491714015151516 0.007575757575757616 0.9847301136363635 0.32954545454545453 0.9941998106060606 0.2644412878787879
0 0.8272964015151516 0.02414772727272731 0.997750946969697 0.1129261363636364 0.9894649621212122 0.1638257575757576
0 0.6260653409090908 0.004024621212121252 0.2543797348484848 0.6704545454545455 0.13600852272727276 0.6349431818181819
0 0.5716145833333333 0.008759469696969736 0.009351325757575746 0.47159090909090906 0.0010653409090909394 0.3757102272727273
0 0.4934895833333333 0.005208333333333374 0.005800189393939392 0.27864583333333337 0.008167613636363646 0.21354166666666669
0 0.4153645833333333 0.0028409090909091313 0.0 0.17766950490070196 0.0022490530303030387 0.1366003787878788
1 0.426613350591716 0.008829511834319511 0.00825166420118345 0.18680658284023668 0.010563054733727817 0.20876479289940827 0.4682183801775148 0.007673816568047321
1 0.49942215236686394 0.007673816568047321 0.005940273668639029 0.28619637573964496 0.005940273668639029 0.3566937869822485 0.5375600961538461 0.020386464497041408
1 0.5791651257396451 0.01114090236686389 0.019808616863905337 0.49537721893491127 0.12266549556213013 0.6225036982248521 0.6126802884615385 0.013452292899408268
1 0.6392612795857988 0.018075073964497028 0.31104382396449703 0.6779770710059172 0.7305612056213018 0.9622781065088758 0.6716207470414202 0.023853550295857975
1 0.701668823964497 0.016919378698224838 0.9316521819526626 0.9252958579881657 0.9848141642011834 0.3462925295857988 0.7421181582840237 0.026164940828402355
1 0.7663877588757397 0.008829511834319511 0.98828125 0.23534578402366862 0.9825027736686391 0.17178254437869822 0.817238350591716 0.02847633136094673
