0 0.382220643939394 0.004024621212121252 0.4153645833333333 0.9356060606060607 0.51953125 0.9296875
0 0.4200994318181818 0.006392045454545495 0.8550564965055802 0.9980468750000001 0.9255445075757576 0.9521780303030303
0 0.44614109848484845 0.007575757575757616 0.841500946969697 0.5201231060606061 0.8841145833333333 0.4408143939393939
0 0.4911221590909091 0.018229166666666703 0.9764441287878787 0.47040719696969696 0.9930160984848484 0.3887310606060606
0 0.5301846590909092 0.02651515151515155 0.9941998106060606 0.3615056818181818 0.9965672348484849 0.3035037878787879
0 0.3526278409090909 0.004024621212121252 0.08747632575757575 0.636126893939394 0.1691524621212121 0.665719696969697
0 0.31948390151515155 0.0016571969696970099 0.006983901515151547 0.3544034090909091 0.008167613636363646 0.4928977272727273
0 0.27805397727272724 0.0028409090909091313 0.0 0.21796085858585862 0.0 0.284564393939394
0 0.23662405303030304 0.0016571969696970099 0.0 0.13051187931293134 0.0 0.18513257575757577
1 0.24632488905325445 0.01229659763313608 0.0 0.19070948456423162 0.007095968934911212 0.20992048816568046
1 0.2821514423076923 0.004206730769230753 0.0001617973372781134 0.3000647189349112 0.0036288831360946627 0.347448224852071 0.3029539571005917 0.0030510355029585642
1 0.32144508136094674 0.008829511834319511 0.005940273668639029 0.5092455621301775 0.07528198964497046 0.6363720414201184 0.3364691198224852 0.014607988165680458
1 0.3572716346153846 0.009985207100591701 0.1931629068047337 0.6606416420118343 0.3746070636094675 0.9380085059171598 0.3757627588757396 0.01114090236686389
1 0.39425388313609466 0.01114090236686389 0.5375600961538461 0.9380085059171598 0.8137712647928994 0.9900147928994083 0.41390070266272194 0.021542159763313595
1 0.43817030325443784 0.014607988165680458 0.9432091346153846 0.9056490384615384 0.872711723372781 0.5843657544378699
1 0.4705297707100592 0.022697855029585785 0.8958256286982249 0.43990384615384615 0.9605445636094674 0.46532914201183434 0.5005778476331361 0.031943417159763295
1 0.517913276627219 0.025009245562130165 0.9848141642011834 0.3728735207100592 0.9871255547337279 0.36593934911242604
